0,47.312,75.0,True
10.0,47.312,75.0,True
20.0,47.375,75.0,True
30.0,47.437,75.0,True
40.0,47.562,75.0,True
50.0,47.562,75.0,True
60.0,47.562,75.0,True
70.0,47.625,75.0,True
80.0,47.687,75.0,True
90.0,47.75,75.0,True
100.0,47.812,75.0,True
110.0,47.875,75.0,True
120.0,47.937,75.0,True
130.0,47.937,75.0,True
140.0,48.0,75.0,True
150.0,48.062,75.0,True
160.0,48.125,75.0,True
170.0,48.125,75.0,True
180.0,48.25,75.0,True
190.0,48.312,75.0,True
200.0,48.375,75.0,True
210.0,48.375,75.0,True
220.0,48.5,75.0,True
230.0,48.562,75.0,True
240.0,48.562,75.0,True
250.0,48.562,75.0,True
260.0,48.437,75.0,True
270.0,48.5,75.0,True
280.0,48.625,75.0,True
290.0,48.75,75.0,True
300.0,48.812,75.0,True
310.0,48.812,75.0,True
320.0,48.875,75.0,True
330.0,48.937,75.0,True
340.0,48.937,75.0,True
350.0,49.0,75.0,True
360.0,49.062,75.0,True
370.0,49.125,75.0,True
380.0,49.187,75.0,True
390.0,49.187,75.0,True
400.0,49.312,75.0,True
410.0,49.375,75.0,True
420.0,49.437,75.0,True
430.0,49.5,75.0,True
440.0,49.5,75.0,True
450.0,49.5,75.0,True
460.0,49.5,75.0,True
470.0,49.625,75.0,True
480.0,49.687,75.0,True
490.0,49.687,75.0,True
500.0,49.687,75.0,True
510.0,49.75,75.0,True
520.0,49.812,75.0,True
530.0,49.875,75.0,True
540.0,49.875,75.0,True
550.0,49.875,75.0,True
560.0,49.937,75.0,True
570.0,50.0,75.0,True
580.0,50.062,75.0,True
590.0,50.125,75.0,True
600.0,50.187,75.0,True
610.0,50.312,75.0,True
620.0,50.375,75.0,True
630.0,50.375,75.0,True
640.0,50.375,75.0,True
650.0,50.437,75.0,True
660.0,50.437,75.0,True
670.0,50.5,75.0,True
680.0,50.562,75.0,True
690.0,50.562,75.0,True
700.0,50.625,75.0,True
710.0,50.687,75.0,True
720.0,50.687,75.0,True
730.0,50.687,75.0,True
740.0,50.75,75.0,True
750.0,50.75,75.0,True
760.0,50.75,75.0,True
770.0,50.812,75.0,True
780.0,50.875,75.0,True
790.0,50.937,75.0,True
800.0,50.937,75.0,True
810.0,51.0,75.0,True
820.0,51.062,75.0,True
830.0,51.062,75.0,True
840.0,51.187,75.0,True
850.0,51.25,75.0,True
860.0,51.25,75.0,True
870.0,51.312,75.0,True
880.0,51.375,75.0,True
890.0,51.437,75.0,True
900.0,51.437,75.0,True
910.0,51.437,75.0,True
920.0,51.5,75.0,True
930.0,51.562,75.0,True
940.0,51.625,75.0,True
950.0,51.625,75.0,True
960.0,51.687,75.0,True
970.0,51.75,75.0,True
980.0,51.875,75.0,True
990.0,51.812,75.0,True
1000.0,51.875,75.0,True
1010.0,51.875,75.0,True
1020.0,51.937,75.0,True
1030.0,52.0,75.0,True
1040.0,52.0,75.0,True
1050.0,52.0,75.0,True
1060.0,52.062,75.0,True
1070.0,52.062,75.0,True
1080.0,52.125,75.0,True
1090.0,52.187,75.0,True
1100.0,52.25,75.0,True
1110.0,52.25,75.0,True
1120.0,52.312,75.0,True
1130.0,52.312,75.0,True
1140.0,52.375,75.0,True
1150.0,52.437,75.0,True
1160.0,52.562,75.0,True
1170.0,52.562,75.0,True
1180.0,52.625,75.0,True
1190.0,52.625,75.0,True
1200.0,52.625,75.0,True
1210.0,52.687,75.0,True
1220.0,52.687,75.0,True
1230.0,52.75,75.0,True
1240.0,52.687,75.0,True
1250.0,52.75,75.0,True
1260.0,52.812,75.0,True
1270.0,52.875,75.0,True
1280.0,52.937,75.0,True
1290.0,53.0,75.0,True
1300.0,53.0,75.0,True
1310.0,53.0,75.0,True
1320.0,53.062,75.0,True
1330.0,53.125,75.0,True
1340.0,53.187,75.0,True
1350.0,53.25,75.0,True
1360.0,53.25,75.0,True
1370.0,53.312,75.0,True
1380.0,53.312,75.0,True
1390.0,53.375,75.0,True
1400.0,53.375,75.0,True
1410.0,53.375,75.0,True
1420.0,53.437,75.0,True
1430.0,53.5,75.0,True
1440.0,53.562,75.0,True
1450.0,53.5,75.0,True
1460.0,53.562,75.0,True
1470.0,53.625,75.0,True
1480.0,53.687,75.0,True
1490.0,53.75,75.0,True
1500.0,53.75,75.0,True
1510.0,53.812,75.0,True
1520.0,53.812,75.0,True
1530.0,53.875,75.0,True
1540.0,53.937,75.0,True
1550.0,53.937,75.0,True
1560.0,53.937,75.0,True
1570.0,54.062,75.0,True
1580.0,54.062,75.0,True
1590.0,54.062,75.0,True
1600.0,54.0,75.0,True
1610.0,54.062,75.0,True
1620.0,54.187,75.0,True
1630.0,54.187,75.0,True
1640.0,54.187,75.0,True
1650.0,54.25,75.0,True
1660.0,54.25,75.0,True
1670.0,54.312,75.0,True
1680.0,54.437,75.0,True
1690.0,54.437,75.0,True
1700.0,54.437,75.0,True
1710.0,54.5,75.0,True
1720.0,54.5,75.0,True
1730.0,54.562,75.0,True
1740.0,54.562,75.0,True
1750.0,54.625,75.0,True
1760.0,54.625,75.0,True
1770.0,54.687,75.0,True
1780.0,54.687,75.0,True
1790.0,54.75,75.0,True
1800.0,54.812,75.0,True
1810.0,54.812,75.0,True
1820.0,54.875,75.0,True
1830.0,54.875,75.0,True
1840.0,54.875,75.0,True
1850.0,54.812,75.0,True
1860.0,54.812,75.0,True
1870.0,54.937,75.0,True
1880.0,55.062,75.0,True
1890.0,55.062,75.0,True
1900.0,55.0,75.0,True
1910.0,55.062,75.0,True
1920.0,55.125,75.0,True
1930.0,55.125,75.0,True
1940.0,55.125,75.0,True
1950.0,55.25,75.0,True
1960.0,55.312,75.0,True
1970.0,55.312,75.0,True
1980.0,55.312,75.0,True
1990.0,55.375,75.0,True
2000.0,55.375,75.0,True
2010.0,55.375,75.0,True
2020.0,55.312,75.0,True
2030.0,55.437,75.0,True
2040.0,55.437,75.0,True
2050.0,55.437,75.0,True
2060.0,55.5,75.0,True
2070.0,55.5,75.0,True
2080.0,55.5,75.0,True
2090.0,55.562,75.0,True
2100.0,55.625,75.0,True
2110.0,55.687,75.0,True
2120.0,55.75,75.0,True
2130.0,55.75,75.0,True
2140.0,55.75,75.0,True
2150.0,55.75,75.0,True
2160.0,55.812,75.0,True
2170.0,55.812,75.0,True
2180.0,55.875,75.0,True
2190.0,55.937,75.0,True
2200.0,55.875,75.0,True
2210.0,55.937,75.0,True
2220.0,55.937,75.0,True
2230.0,55.937,75.0,True
2240.0,56.0,75.0,True
2250.0,56.062,75.0,True
2260.0,56.062,75.0,True
2270.0,56.062,75.0,True
2280.0,56.062,75.0,True
2290.0,56.125,75.0,True
2300.0,56.187,75.0,True
2310.0,56.187,75.0,True
2320.0,56.25,75.0,True
2330.0,56.312,75.0,True
2340.0,56.25,75.0,True
2350.0,56.25,75.0,True
2360.0,56.312,75.0,True
2370.0,56.375,75.0,True
2380.0,56.437,75.0,True
2390.0,56.437,75.0,True
2400.0,56.437,75.0,True
2410.0,56.437,75.0,True
2420.0,56.437,75.0,True
2430.0,56.5,75.0,True
2440.0,56.5,75.0,True
2450.0,56.562,75.0,True
2460.0,56.562,75.0,True
2470.0,56.625,75.0,True
2480.0,56.687,75.0,True
2490.0,56.75,75.0,True
2500.0,56.75,75.0,True
2510.0,56.687,75.0,True
2520.0,56.75,75.0,True
2530.0,56.75,75.0,True
2540.0,56.75,75.0,True
2550.0,56.875,75.0,True
2560.0,56.937,75.0,True
2570.0,56.937,75.0,True
2580.0,56.937,75.0,True
2590.0,57.0,75.0,True
2600.0,56.937,75.0,True
2610.0,56.937,75.0,True
2620.0,56.937,75.0,True
2630.0,57.062,75.0,True
2640.0,57.062,75.0,True
2650.0,57.062,75.0,True
2660.0,57.062,75.0,True
2670.0,57.062,75.0,True
2680.0,57.062,75.0,True
2690.0,57.125,75.0,True
2700.0,57.187,75.0,True
2710.0,57.187,75.0,True
2720.0,57.187,75.0,True
2730.0,57.187,75.0,True
2740.0,57.187,75.0,True
2750.0,57.187,75.0,True
2760.0,57.25,75.0,True
2770.0,57.312,75.0,True
2780.0,57.312,75.0,True
2790.0,57.312,75.0,True
2800.0,57.312,75.0,True
2810.0,57.375,75.0,True
2820.0,57.437,75.0,True
2830.0,57.437,75.0,True
2840.0,57.437,75.0,True
2850.0,57.5,75.0,True
2860.0,57.562,75.0,True
2870.0,57.5,75.0,True
2880.0,57.562,75.0,True
2890.0,57.5,75.0,True
2900.0,57.5,75.0,True
2910.0,57.562,75.0,True
2920.0,57.625,75.0,True
2930.0,57.625,75.0,True
2940.0,57.625,75.0,True
2950.0,57.687,75.0,True
2960.0,57.75,75.0,True
2970.0,57.75,75.0,True
2980.0,57.75,75.0,True
2990.0,57.75,75.0,True
3000.0,57.812,75.0,True
3010.0,57.875,75.0,True
3020.0,57.937,75.0,True
3030.0,57.937,75.0,True
3040.0,58.0,75.0,True
3050.0,58.0,75.0,True
3060.0,58.0,75.0,True
3070.0,57.937,75.0,True
3080.0,57.937,75.0,True
3090.0,57.937,75.0,True
3100.0,57.937,75.0,True
3110.0,58.0,75.0,True
3120.0,58.062,75.0,True
3130.0,58.125,75.0,True
3140.0,58.125,75.0,True
3150.0,58.062,75.0,True
3160.0,58.062,75.0,True
3170.0,58.125,75.0,True
3180.0,58.187,75.0,True
3190.0,58.187,75.0,True
3200.0,58.25,75.0,True
3210.0,58.312,75.0,True
3220.0,58.312,75.0,True
3230.0,58.312,75.0,True
3240.0,58.312,75.0,True
3250.0,58.312,75.0,True
3260.0,58.312,75.0,True
3270.0,58.312,75.0,True
3280.0,58.312,75.0,True
3290.0,58.312,75.0,True
3300.0,58.375,75.0,True
3310.0,58.375,75.0,True
3320.0,58.375,75.0,True
3330.0,58.437,75.0,True
3340.0,58.5,75.0,True
3350.0,58.5,75.0,True
3360.0,58.5,75.0,True
3370.0,58.562,75.0,True
3380.0,58.625,75.0,True
3390.0,58.625,75.0,True
3400.0,58.625,75.0,True
3410.0,58.625,75.0,True
3420.0,58.687,75.0,True
3430.0,58.75,75.0,True
3440.0,58.687,75.0,True
3450.0,58.687,75.0,True
3460.0,58.687,75.0,True
3470.0,58.75,75.0,True
3480.0,58.75,75.0,True
3490.0,58.75,75.0,True
3500.0,58.75,75.0,True
3510.0,58.75,75.0,True
3520.0,58.812,75.0,True
3530.0,58.812,75.0,True
3540.0,58.812,75.0,True
3550.0,58.875,75.0,True
3560.0,58.937,75.0,True
3570.0,58.937,75.0,True
3580.0,59.0,75.0,True
3590.0,59.0,75.0,True
3600.0,58.937,75.0,True
3610.0,58.937,75.0,True
3620.0,59.0,75.0,True
3630.0,59.0,75.0,True
3640.0,59.062,75.0,True
3650.0,59.062,75.0,True
3660.0,59.062,75.0,True
3670.0,59.062,75.0,True
3680.0,59.062,75.0,True
3690.0,59.125,75.0,True
3700.0,59.187,75.0,True
3710.0,59.187,75.0,True
3720.0,59.187,75.0,True
3730.0,59.187,75.0,True
3740.0,59.25,75.0,True
3750.0,59.25,75.0,True
3760.0,59.312,75.0,True
3770.0,59.25,75.0,True
3780.0,59.25,75.0,True
3790.0,59.312,75.0,True
3800.0,59.375,75.0,True
3810.0,59.375,75.0,True
3820.0,59.375,75.0,True
3830.0,59.375,75.0,True
3840.0,59.375,75.0,True
3850.0,59.437,75.0,True
3860.0,59.375,75.0,True
3870.0,59.437,75.0,True
3880.0,59.437,75.0,True
3890.0,59.437,75.0,True
3900.0,59.437,75.0,True
3910.0,59.5,75.0,True
3920.0,59.5,75.0,True
3930.0,59.562,75.0,True
3940.0,59.5,75.0,True
3950.0,59.437,75.0,True
3960.0,59.5,75.0,True
3970.0,59.562,75.0,True
3980.0,59.5,75.0,True
3990.0,59.562,75.0,True
4000.0,59.625,75.0,True
4010.0,59.625,75.0,True
4020.0,59.625,75.0,True
4030.0,59.625,75.0,True
4040.0,59.562,75.0,True
4050.0,59.687,75.0,True
4060.0,59.687,75.0,True
4070.0,59.687,75.0,True
4080.0,59.687,75.0,True
4090.0,59.687,75.0,True
4100.0,59.687,75.0,True
4110.0,59.75,75.0,True
4120.0,59.75,75.0,True
4130.0,59.812,75.0,True
4140.0,59.812,75.0,True
4150.0,59.812,75.0,True
4160.0,59.875,75.0,True
4170.0,59.937,75.0,True
4180.0,59.875,75.0,True
4190.0,59.875,75.0,True
4200.0,59.875,75.0,True
4210.0,59.937,75.0,True
4220.0,59.937,75.0,True
4230.0,59.937,75.0,True
4240.0,60.0,75.0,True
4250.0,60.062,75.0,True
4260.0,60.0,75.0,True
4270.0,60.062,75.0,True
4280.0,60.125,75.0,True
4290.0,60.062,75.0,True
4300.0,60.062,75.0,True
4310.0,60.062,75.0,True
4320.0,60.062,75.0,True
4330.0,60.062,75.0,True
4340.0,60.062,75.0,True
4350.0,60.062,75.0,True
4360.0,60.125,75.0,True
4370.0,60.125,75.0,True
4380.0,60.187,75.0,True
4390.0,60.25,75.0,True
4400.0,60.25,75.0,True
4410.0,60.187,75.0,True
4420.0,60.187,75.0,True
4430.0,60.187,75.0,True
4440.0,60.187,75.0,True
4450.0,60.25,75.0,True
4460.0,60.25,75.0,True
4470.0,60.25,75.0,True
4480.0,60.312,75.0,True
4490.0,60.312,75.0,True
4500.0,60.312,75.0,True
4510.0,60.312,75.0,True
4520.0,60.375,75.0,True
4530.0,60.437,75.0,True
4540.0,60.562,75.0,True
4550.0,60.5,75.0,True
4560.0,60.562,75.0,True
4570.0,60.5,75.0,True
4580.0,60.5,75.0,True
4590.0,60.5,75.0,True
4600.0,60.562,75.0,True
4610.0,60.562,75.0,True
4620.0,60.5,75.0,True
4630.0,60.562,75.0,True
4640.0,60.625,75.0,True
4650.0,60.625,75.0,True
4660.0,60.625,75.0,True
4670.0,60.562,75.0,True
4680.0,60.562,75.0,True
4690.0,60.562,75.0,True
4700.0,60.562,75.0,True
4710.0,60.5,75.0,True
4720.0,60.562,75.0,True
4730.0,60.625,75.0,True
4740.0,60.75,75.0,True
4750.0,60.687,75.0,True
4760.0,60.687,75.0,True
4770.0,60.687,75.0,True
4780.0,60.687,75.0,True
4790.0,60.75,75.0,True
4800.0,60.687,75.0,True
4810.0,60.687,75.0,True
4820.0,60.687,75.0,True
4830.0,60.75,75.0,True
4840.0,60.812,75.0,True
4850.0,60.75,75.0,True
4860.0,60.75,75.0,True
4870.0,60.75,75.0,True
4880.0,60.812,75.0,True
4890.0,60.812,75.0,True
4900.0,60.812,75.0,True
4910.0,60.812,75.0,True
4920.0,60.812,75.0,True
4930.0,60.875,75.0,True
4940.0,60.812,75.0,True
4950.0,60.812,75.0,True
4960.0,60.812,75.0,True
4970.0,60.875,75.0,True
4980.0,60.875,75.0,True
4990.0,60.875,75.0,True
5000.0,60.937,75.0,True
5010.0,60.937,75.0,True
5020.0,60.875,75.0,True
5030.0,60.875,75.0,True
5040.0,60.937,75.0,True
5050.0,60.937,75.0,True
5060.0,60.937,75.0,True
5070.0,61.0,75.0,True
5080.0,61.0,75.0,True
5090.0,61.0,75.0,True
5100.0,61.0,75.0,True
5110.0,61.0,75.0,True
5120.0,61.062,75.0,True
5130.0,61.062,75.0,True
5140.0,61.187,75.0,True
5150.0,61.125,75.0,True
5160.0,61.187,75.0,True
5170.0,61.25,75.0,True
5180.0,61.187,75.0,True
5190.0,61.125,75.0,True
5200.0,61.125,75.0,True
5210.0,61.187,75.0,True
5220.0,61.25,75.0,True
5230.0,61.187,75.0,True
5240.0,61.125,75.0,True
5250.0,61.125,75.0,True
5260.0,61.125,75.0,True
5270.0,61.25,75.0,True
5280.0,61.25,75.0,True
5290.0,61.312,75.0,True
5300.0,61.187,75.0,True
5310.0,61.25,75.0,True
5320.0,61.25,75.0,True
5330.0,61.25,75.0,True
5340.0,61.312,75.0,True
5350.0,61.312,75.0,True
5360.0,61.312,75.0,True
5370.0,61.375,75.0,True
5380.0,61.375,75.0,True
5390.0,61.375,75.0,True
5400.0,61.375,75.0,True
5410.0,61.375,75.0,True
5420.0,61.375,75.0,True
5430.0,61.437,75.0,True
5440.0,61.437,75.0,True
5450.0,61.375,75.0,True
5460.0,61.375,75.0,True
5470.0,61.437,75.0,True
5480.0,61.437,75.0,True
5490.0,61.5,75.0,True
5500.0,61.5,75.0,True
5510.0,61.5,75.0,True
5520.0,61.562,75.0,True
5530.0,61.562,75.0,True
5540.0,61.562,75.0,True
5550.0,61.562,75.0,True
5560.0,61.5,75.0,True
5570.0,61.562,75.0,True
5580.0,61.562,75.0,True
5590.0,61.562,75.0,True
5600.0,61.625,75.0,True
5610.0,61.625,75.0,True
5620.0,61.562,75.0,True
5630.0,61.5,75.0,True
5640.0,61.562,75.0,True
5650.0,61.562,75.0,True
5660.0,61.625,75.0,True
5670.0,61.625,75.0,True
5680.0,61.562,75.0,True
5690.0,61.625,75.0,True
5700.0,61.625,75.0,True
5710.0,61.625,75.0,True
5720.0,61.625,75.0,True
5730.0,61.625,75.0,True
5740.0,61.625,75.0,True
5750.0,61.625,75.0,True
5760.0,61.625,75.0,True
5770.0,61.625,75.0,True
5780.0,61.687,75.0,True
5790.0,61.75,75.0,True
5800.0,61.687,75.0,True
5810.0,61.625,75.0,True
5820.0,61.625,75.0,True
5830.0,61.625,75.0,True
5840.0,61.75,75.0,True
5850.0,61.75,75.0,True
5860.0,61.687,75.0,True
5870.0,61.625,75.0,True
5880.0,61.562,75.0,True
5890.0,61.625,75.0,True
5900.0,61.75,75.0,True
5910.0,61.75,75.0,True
5920.0,61.812,75.0,True
5930.0,61.875,75.0,True
5940.0,61.75,75.0,True
5950.0,61.75,75.0,True
5960.0,61.75,75.0,True
5970.0,61.75,75.0,True
5980.0,61.875,75.0,True
5990.0,61.937,75.0,True
6000.0,61.937,75.0,True
6010.0,61.937,75.0,True
6020.0,61.875,75.0,True
6030.0,61.875,75.0,True
6040.0,61.875,75.0,True
6050.0,61.812,75.0,True
6060.0,61.812,75.0,True
6070.0,61.812,75.0,True
6080.0,61.812,75.0,True
6090.0,61.812,75.0,True
6100.0,61.812,75.0,True
6110.0,61.875,75.0,True
6120.0,61.875,75.0,True
6130.0,61.875,75.0,True
6140.0,61.875,75.0,True
6150.0,61.875,75.0,True
6160.0,61.875,75.0,True
6170.0,61.875,75.0,True
6180.0,61.937,75.0,True
6190.0,61.937,75.0,True
6200.0,62.0,75.0,True
6210.0,61.937,75.0,True
6220.0,61.937,75.0,True
6230.0,61.937,75.0,True
6240.0,61.937,75.0,True
6250.0,61.937,75.0,True
6260.0,61.937,75.0,True
6270.0,61.937,75.0,True
6280.0,61.937,75.0,True
6290.0,61.875,75.0,True
6300.0,61.937,75.0,True
6310.0,61.937,75.0,True
6320.0,61.937,75.0,True
6330.0,61.937,75.0,True
6340.0,62.0,75.0,True
6350.0,62.0,75.0,True
6360.0,62.0,75.0,True
6370.0,62.0,75.0,True
6380.0,62.0,75.0,True
6390.0,62.062,75.0,True
6400.0,62.125,75.0,True
6410.0,62.187,75.0,True
6420.0,62.062,75.0,True
6430.0,62.062,75.0,True
6440.0,62.062,75.0,True
6450.0,62.062,75.0,True
6460.0,62.125,75.0,True
6470.0,62.062,75.0,True
6480.0,62.062,75.0,True
6490.0,62.062,75.0,True
6500.0,62.062,75.0,True
6510.0,62.062,75.0,True
6520.0,62.062,75.0,True
6530.0,62.125,75.0,True
6540.0,62.062,75.0,True
6550.0,62.062,75.0,True
6560.0,62.125,75.0,True
6570.0,62.125,75.0,True
6580.0,62.125,75.0,True
6590.0,62.187,75.0,True
6600.0,62.187,75.0,True
6610.0,62.187,75.0,True
6620.0,62.187,75.0,True
6630.0,62.187,75.0,True
6640.0,62.187,75.0,True
6650.0,62.187,75.0,True
6660.0,62.125,75.0,True
6670.0,62.125,75.0,True
6680.0,62.187,75.0,True
6690.0,62.187,75.0,True
6700.0,62.187,75.0,True
6710.0,62.187,75.0,True
6720.0,62.25,75.0,True
6730.0,62.25,75.0,True
6740.0,62.25,75.0,True
6750.0,62.187,75.0,True
6760.0,62.25,75.0,True
6770.0,62.312,75.0,True
6780.0,62.25,75.0,True
6790.0,62.187,75.0,True
6800.0,62.25,75.0,True
6810.0,62.312,75.0,True
6820.0,62.312,75.0,True
6830.0,62.312,75.0,True
6840.0,62.25,75.0,True
6850.0,62.312,75.0,True
6860.0,62.375,75.0,True
6870.0,62.312,75.0,True
6880.0,62.312,75.0,True
6890.0,62.312,75.0,True
6900.0,62.312,75.0,True
6910.0,62.25,75.0,True
6920.0,62.312,75.0,True
6930.0,62.312,75.0,True
6940.0,62.375,75.0,True
6950.0,62.312,75.0,True
6960.0,62.375,75.0,True
6970.0,62.375,75.0,True
6980.0,62.375,75.0,True
6990.0,62.375,75.0,True
7000.0,62.312,75.0,True
7010.0,62.312,75.0,True
7020.0,62.312,75.0,True
7030.0,62.312,75.0,True
7040.0,62.312,75.0,True
7050.0,62.437,75.0,True
7060.0,62.375,75.0,True
7070.0,62.437,75.0,True
7080.0,62.437,75.0,True
7090.0,62.437,75.0,True
7100.0,62.437,75.0,True
7110.0,62.375,75.0,True
7120.0,62.375,75.0,True
7130.0,62.437,75.0,True
7140.0,62.437,75.0,True
7150.0,62.437,75.0,True
7160.0,62.437,75.0,True
7170.0,62.437,75.0,True
7180.0,62.375,75.0,True
7190.0,62.437,75.0,True
7200.0,62.5,75.0,True
7210.0,62.5,75.0,True
7220.0,62.5,75.0,True
7230.0,62.5,75.0,True
7240.0,62.437,75.0,True
7250.0,62.375,75.0,True
7260.0,62.437,75.0,True
7270.0,62.437,75.0,True
7280.0,62.437,75.0,True
7290.0,62.437,75.0,True
7300.0,62.437,75.0,True
7310.0,62.437,75.0,True
7320.0,62.5,75.0,True
7330.0,62.562,75.0,True
7340.0,62.5,75.0,True
7350.0,62.5,75.0,True
7360.0,62.5,75.0,True
7370.0,62.5,75.0,True
7380.0,62.5,75.0,True
7390.0,62.5,75.0,True
7400.0,62.5,75.0,True
7410.0,62.5,75.0,True
7420.0,62.5,75.0,True
7430.0,62.5,75.0,True
7440.0,62.562,75.0,True
7450.0,62.5,75.0,True
7460.0,62.562,75.0,True
7470.0,62.625,75.0,True
7480.0,62.625,75.0,True
7490.0,62.562,75.0,True
7500.0,62.437,75.0,True
7510.0,62.5,75.0,True
7520.0,62.625,75.0,True
7530.0,62.625,75.0,True
7540.0,62.625,75.0,True
7550.0,62.562,75.0,True
7560.0,62.5,75.0,True
7570.0,62.5,75.0,True
7580.0,62.5,75.0,True
7590.0,62.562,75.0,True
7600.0,62.625,75.0,True
7610.0,62.5,75.0,True
7620.0,62.562,75.0,True
7630.0,62.562,75.0,True
7640.0,62.562,75.0,True
7650.0,62.625,75.0,True
7660.0,62.562,75.0,True
7670.0,62.625,75.0,True
7680.0,62.625,75.0,True
7690.0,62.562,75.0,True
7700.0,62.562,75.0,True
7710.0,62.625,75.0,True
7720.0,62.687,75.0,True
7730.0,62.687,75.0,True
7740.0,62.625,75.0,True
7750.0,62.562,75.0,True
7760.0,62.625,75.0,True
7770.0,62.562,75.0,True
7780.0,62.562,75.0,True
7790.0,62.625,75.0,True
7800.0,62.687,75.0,True
7810.0,62.75,75.0,True
7820.0,62.687,75.0,True
7830.0,62.625,75.0,True
7840.0,62.625,75.0,True
7850.0,62.75,75.0,True
7860.0,62.75,75.0,True
7870.0,62.625,75.0,True
7880.0,62.625,75.0,True
7890.0,62.687,75.0,True
7900.0,62.687,75.0,True
7910.0,62.687,75.0,True
7920.0,62.75,75.0,True
7930.0,62.687,75.0,True
7940.0,62.687,75.0,True
7950.0,62.75,75.0,True
7960.0,62.75,75.0,True
7970.0,62.687,75.0,True
7980.0,62.75,75.0,True
7990.0,62.75,75.0,True
8000.0,62.812,75.0,True
8010.0,62.875,75.0,True
8020.0,62.75,75.0,True
8030.0,62.75,75.0,True
8040.0,62.75,75.0,True
8050.0,62.75,75.0,True
8060.0,62.75,75.0,True
8070.0,62.75,75.0,True
8080.0,62.812,75.0,True
8090.0,62.812,75.0,True
8100.0,62.875,75.0,True
8110.0,62.812,75.0,True
8120.0,62.812,75.0,True
8130.0,62.75,75.0,True
8140.0,62.75,75.0,True
8150.0,62.75,75.0,True
8160.0,62.75,75.0,True
8170.0,62.75,75.0,True
8180.0,62.75,75.0,True
8190.0,62.812,75.0,True
8200.0,62.812,75.0,True
8210.0,62.875,75.0,True
8220.0,62.812,75.0,True
8230.0,62.812,75.0,True
8240.0,62.875,75.0,True
8250.0,62.812,75.0,True
8260.0,62.75,75.0,True
8270.0,62.75,75.0,True
8280.0,62.75,75.0,True
8290.0,62.75,75.0,True
8300.0,62.75,75.0,True
8310.0,62.75,75.0,True
8320.0,62.75,75.0,True
8330.0,62.75,75.0,True
8340.0,62.75,75.0,True
8350.0,62.812,75.0,True
8360.0,62.812,75.0,True
8370.0,62.812,75.0,True
